5087702695490611131        (1180612618403184640)
4906970788180757167        (1385853009937961062)
4922095967584906787        (718156618809868298)
4922894307320106839        (1081896533668134952)
4919034451768043773       (1296457874507305041)
1828975361467834379        (1018909770725478423)
1270314242578844874        (613683618375663626)
4909477315112903246        (1113139136447139841)
4906465857146308598        (531206593027637300)
7874244306075771869        (1219649738983342090)
13395785444960968903      (1413170208993968388)
15197182766433051076      (1302857264906108938)
4904420845431129939      (836140037308809217)
